model_name: XGBoost
test_rmse: 10.263360274651147
test_mae: 8.439836798773872
test_r2: 0.7501273155212402
